5 9 2
0 0 0 0 0 
0 1 1 1 0 
1 0 0 0 0 
0 0 2 0 2 
0 2 0 2 0 
0 0 0 1 0 
0 0 1 0 1 
0 1 1 1 1 
2 2 2 2 0 
5 20 2
0 0 0 0 0 
2 2 2 2 0 
0 1 1 1 0 
0 0 1 0 1 
0 1 1 1 0 
2 0 2 0 0 
0 2 0 2 0 
2 2 2 2 0 
1 1 1 0 0 
1 0 0 0 0 
1 1 1 0 0 
0 2 2 2 2 
0 0 0 2 0 
0 2 2 2 2 
0 1 1 1 0 
0 0 1 0 1 
0 1 1 1 0 
0 2 0 0 2 
2 0 2 0 2 
2 0 2 2 0 
5 8 1
0 0 0 0 0 
0 0 1 0 0 
0 0 2 0 0 
0 0 1 0 0 
0 0 1 0 0 
0 0 1 0 0 
0 0 1 0 0 
0 0 1 1 1 
6 9 2
0 0 0 0 0 0 
0 1 1 1 1 0 
1 0 0 0 0 0 
0 0 2 2 0 2 
0 2 0 0 2 0 
0 0 0 0 1 0 
0 0 1 1 0 1 
0 1 1 1 1 1 
2 2 2 2 2 0 
6 20 2
0 0 0 0 0 0 
2 2 2 2 2 0 
0 1 1 1 1 0 
0 0 1 1 0 1 
0 1 1 1 1 0 
2 0 2 2 0 0 
0 2 0 0 2 0 
2 2 2 2 2 0 
1 1 1 1 0 0 
1 0 0 0 0 0 
1 1 1 1 0 0 
0 2 2 2 2 2 
0 0 0 0 2 0 
0 2 2 2 2 2 
0 1 1 1 1 0 
0 0 1 1 0 1 
0 1 1 1 1 0 
0 2 0 0 0 2 
2 0 2 2 0 2 
2 0 2 2 2 0 
6 8 1
0 0 0 0 0 0 
0 0 1 1 0 0 
0 0 2 2 0 0 
0 0 1 1 0 0 
0 0 1 1 0 0 
0 0 1 1 0 0 
0 0 1 1 0 0 
0 0 1 1 1 1 
7 9 2
0 0 0 0 0 0 0 
0 1 1 1 1 1 0 
1 0 0 0 0 0 0 
0 0 0 2 0 0 2 
0 2 2 0 2 2 0 
0 0 0 0 1 1 0 
0 0 0 1 0 0 1 
0 1 1 1 1 1 1 
2 2 2 2 2 2 0 
7 20 2
0 0 0 0 0 0 0 
2 2 2 2 2 2 0 
0 1 1 1 1 1 0 
0 0 0 1 0 0 1 
0 1 1 1 1 1 0 
2 0 0 2 0 0 0 
0 2 2 0 2 2 0 
2 2 2 2 2 2 0 
1 1 1 1 0 0 0 
1 0 0 0 0 0 0 
1 1 1 1 0 0 0 
0 2 2 2 2 2 2 
0 0 0 0 2 2 0 
0 2 2 2 2 2 2 
0 1 1 1 1 1 0 
0 0 0 1 0 0 1 
0 1 1 1 1 1 0 
0 2 2 0 0 0 2 
2 0 0 2 0 0 2 
2 0 0 2 2 2 0 
7 8 1
0 0 0 0 0 0 0 
0 0 0 1 0 0 0 
0 0 0 2 0 0 0 
0 0 0 1 0 0 0 
0 0 0 1 0 0 0 
0 0 0 1 0 0 0 
0 0 0 1 0 0 0 
0 0 0 1 1 1 1 
8 9 2
0 0 0 0 0 0 0 0 
0 1 1 1 1 1 1 0 
1 0 0 0 0 0 0 0 
0 0 0 2 2 0 0 2 
0 2 2 0 0 2 2 0 
0 0 0 0 0 1 1 0 
0 0 0 1 1 0 0 1 
0 1 1 1 1 1 1 1 
2 2 2 2 2 2 2 0 
8 20 2
0 0 0 0 0 0 0 0 
2 2 2 2 2 2 2 0 
0 1 1 1 1 1 1 0 
0 0 0 1 1 0 0 1 
0 1 1 1 1 1 1 0 
2 0 0 2 2 0 0 0 
0 2 2 0 0 2 2 0 
2 2 2 2 2 2 2 0 
1 1 1 1 1 0 0 0 
1 0 0 0 0 0 0 0 
1 1 1 1 1 0 0 0 
0 2 2 2 2 2 2 2 
0 0 0 0 0 2 2 0 
0 2 2 2 2 2 2 2 
0 1 1 1 1 1 1 0 
0 0 0 1 1 0 0 1 
0 1 1 1 1 1 1 0 
0 2 2 0 0 0 0 2 
2 0 0 2 2 0 0 2 
2 0 0 2 2 2 2 0 
8 8 1
0 0 0 0 0 0 0 0 
0 0 0 1 1 0 0 0 
0 0 0 2 2 0 0 0 
0 0 0 1 1 0 0 0 
0 0 0 1 1 0 0 0 
0 0 0 1 1 0 0 0 
0 0 0 1 1 0 0 0 
0 0 0 1 1 1 1 1 
9 9 2
0 0 0 0 0 0 0 0 0 
0 0 1 1 1 1 1 0 0 
1 1 0 0 0 0 0 0 0 
0 0 0 2 2 2 0 2 2 
0 0 2 0 0 0 2 0 0 
0 0 0 0 0 0 1 0 0 
0 0 0 1 1 1 0 1 1 
0 0 1 1 1 1 1 1 1 
2 2 2 2 2 2 2 0 0 
9 20 2
0 0 0 0 0 0 0 0 0 
2 2 2 2 2 2 2 0 0 
0 0 1 1 1 1 1 0 0 
0 0 0 1 1 1 0 1 1 
0 0 1 1 1 1 1 0 0 
2 2 0 2 2 2 0 0 0 
0 0 2 0 0 0 2 0 0 
2 2 2 2 2 2 2 0 0 
1 1 1 1 1 1 0 0 0 
1 1 0 0 0 0 0 0 0 
1 1 1 1 1 1 0 0 0 
0 0 2 2 2 2 2 2 2 
0 0 0 0 0 0 2 0 0 
0 0 2 2 2 2 2 2 2 
0 0 1 1 1 1 1 0 0 
0 0 0 1 1 1 0 1 1 
0 0 1 1 1 1 1 0 0 
0 0 2 0 0 0 0 2 2 
2 2 0 2 2 2 0 2 2 
2 2 0 2 2 2 2 0 0 
9 8 1
0 0 0 0 0 0 0 0 0 
0 0 0 1 1 1 0 0 0 
0 0 0 2 2 2 0 0 0 
0 0 0 1 1 1 0 0 0 
0 0 0 1 1 1 0 0 0 
0 0 0 1 1 1 0 0 0 
0 0 0 1 1 1 0 0 0 
0 0 0 1 1 1 1 1 1 
10 9 2
0 0 0 0 0 0 0 0 0 0 
0 0 1 1 1 1 1 1 0 0 
1 1 0 0 0 0 0 0 0 0 
0 0 0 0 2 2 0 0 2 2 
0 0 2 2 0 0 2 2 0 0 
0 0 0 0 0 0 1 1 0 0 
0 0 0 0 1 1 0 0 1 1 
0 0 1 1 1 1 1 1 1 1 
2 2 2 2 2 2 2 2 0 0 
10 16 2
0 0 0 0 0 0 0 0 0 0 
0 2 0 2 0 1 0 1 0 2 
0 2 2 0 0 1 1 1 0 2 
0 2 0 2 0 1 0 1 0 2 
0 2 2 0 0 0 1 0 0 2 
0 0 0 0 0 0 0 0 0 0 
1 0 0 0 1 0 2 2 2 2 
1 0 0 0 1 0 2 0 0 2 
1 0 1 0 1 0 2 0 0 2 
1 1 0 1 1 0 2 0 0 2 
0 0 0 0 0 0 0 0 0 0 
0 0 2 2 2 0 0 0 0 0 
0 0 0 0 0 2 1 0 0 1 
0 0 2 2 2 0 1 1 1 1 
0 2 0 0 0 0 1 0 0 1 
0 0 2 2 2 0 0 1 1 0 
10 20 2
0 0 0 0 0 0 0 0 0 0 
2 2 2 2 2 2 2 2 0 0 
0 0 1 1 1 1 1 1 0 0 
0 0 0 0 1 1 0 0 1 1 
0 0 1 1 1 1 1 1 0 0 
2 2 0 0 2 2 0 0 0 0 
0 0 2 2 0 0 2 2 0 0 
2 2 2 2 2 2 2 2 0 0 
1 1 1 1 1 1 0 0 0 0 
1 1 0 0 0 0 0 0 0 0 
1 1 1 1 1 1 0 0 0 0 
0 0 2 2 2 2 2 2 2 2 
0 0 0 0 0 0 2 2 0 0 
0 0 2 2 2 2 2 2 2 2 
0 0 1 1 1 1 1 1 0 0 
0 0 0 0 1 1 0 0 1 1 
0 0 1 1 1 1 1 1 0 0 
0 0 2 2 0 0 0 0 2 2 
2 2 0 0 2 2 0 0 2 2 
2 2 0 0 2 2 2 2 0 0 
10 7 1
0 0 0 0 0 0 0 0 0 0 
0 0 1 1 0 0 1 1 0 0 
0 0 2 0 1 1 0 2 0 0 
0 0 1 0 1 1 0 1 0 0 
0 0 1 0 1 1 0 1 0 0 
0 0 1 0 2 2 0 1 0 0 
0 0 1 1 1 1 1 1 1 1 
10 8 1
0 0 0 0 0 0 0 0 0 0 
0 0 0 0 1 1 0 0 0 0 
0 0 0 0 2 2 0 0 0 0 
0 0 0 0 1 1 0 0 0 0 
0 0 0 0 1 1 0 0 0 0 
0 0 0 0 1 1 0 0 0 0 
0 0 0 0 1 1 0 0 0 0 
0 0 0 0 1 1 1 1 1 1 
10 6 0
0 0 0 0 0 0 0 0 0 0 
0 0 1 1 1 1 1 1 0 0 
1 0 0 0 0 0 0 0 0 1 
0 1 1 0 0 0 0 1 1 0 
0 0 0 2 1 1 2 0 0 0 
0 0 2 2 0 0 2 2 0 0 
10 6 0
0 0 0 0 0 0 0 0 0 0 
0 0 0 1 1 1 1 0 0 0 
0 0 0 0 0 0 0 0 0 0 
1 1 1 1 0 0 1 1 1 1 
0 0 0 0 0 0 0 0 0 0 
0 1 1 2 2 2 2 1 1 0 
10 5 0
0 0 0 0 0 0 0 0 0 0 
2 2 2 2 2 2 2 2 2 2 
2 2 2 0 2 2 0 2 2 0 
2 2 2 2 2 2 2 2 2 2 
2 2 2 2 2 2 2 2 2 2 
10 5 0
0 0 0 0 0 0 0 0 0 0 
2 2 2 2 2 2 2 2 2 2 
0 2 2 0 2 2 0 2 2 2 
2 2 2 2 2 2 2 2 2 2 
2 2 2 2 2 2 2 2 2 2 
10 6 0
0 0 0 0 0 0 0 0 0 0 
0 0 2 2 2 2 2 2 0 0 
1 2 2 0 0 0 0 2 2 1 
0 0 2 2 2 2 2 2 0 0 
0 1 1 1 1 1 1 1 1 0 
0 1 1 1 2 2 1 1 1 0 
11 9 2
0 0 0 0 0 0 0 0 0 0 0 
0 0 1 1 1 1 1 1 1 0 0 
1 1 0 0 0 0 0 0 0 0 0 
0 0 0 0 2 2 2 0 0 2 2 
0 0 2 2 0 0 0 2 2 0 0 
0 0 0 0 0 0 0 1 1 0 0 
0 0 0 0 1 1 1 0 0 1 1 
0 0 1 1 1 1 1 1 1 1 1 
2 2 2 2 2 2 2 2 2 0 0 
11 16 2
0 0 0 0 0 0 0 0 0 0 0 
0 2 0 2 0 0 1 0 1 0 2 
0 2 2 0 0 0 1 1 1 0 2 
0 2 0 2 0 0 1 0 1 0 2 
0 2 2 0 0 0 0 1 0 0 2 
0 0 0 0 0 0 0 0 0 0 0 
1 0 0 0 1 1 0 2 2 2 2 
1 0 0 0 1 1 0 2 0 0 2 
1 0 1 0 1 1 0 2 0 0 2 
1 1 0 1 1 1 0 2 0 0 2 
0 0 0 0 0 0 0 0 0 0 0 
0 0 2 2 2 2 0 0 0 0 0 
0 0 0 0 0 0 2 1 0 0 1 
0 0 2 2 2 2 0 1 1 1 1 
0 2 0 0 0 0 0 1 0 0 1 
0 0 2 2 2 2 0 0 1 1 0 
11 20 2
0 0 0 0 0 0 0 0 0 0 0 
2 2 2 2 2 2 2 2 2 0 0 
0 0 1 1 1 1 1 1 1 0 0 
0 0 0 0 1 1 1 0 0 1 1 
0 0 1 1 1 1 1 1 1 0 0 
2 2 0 0 2 2 2 0 0 0 0 
0 0 2 2 0 0 0 2 2 0 0 
2 2 2 2 2 2 2 2 2 0 0 
1 1 1 1 1 1 1 0 0 0 0 
1 1 0 0 0 0 0 0 0 0 0 
1 1 1 1 1 1 1 0 0 0 0 
0 0 2 2 2 2 2 2 2 2 2 
0 0 0 0 0 0 0 2 2 0 0 
0 0 2 2 2 2 2 2 2 2 2 
0 0 1 1 1 1 1 1 1 0 0 
0 0 0 0 1 1 1 0 0 1 1 
0 0 1 1 1 1 1 1 1 0 0 
0 0 2 2 0 0 0 0 0 2 2 
2 2 0 0 2 2 2 0 0 2 2 
2 2 0 0 2 2 2 2 2 0 0 
11 7 1
0 0 0 0 0 0 0 0 0 0 0 
0 0 1 1 0 0 0 1 1 0 0 
0 0 2 0 1 1 1 0 2 0 0 
0 0 1 0 1 1 1 0 1 0 0 
0 0 1 0 1 1 1 0 1 0 0 
0 0 1 0 2 2 2 0 1 0 0 
0 0 1 1 1 1 1 1 1 1 1 
11 8 1
0 0 0 0 0 0 0 0 0 0 0 
0 0 0 0 1 1 1 0 0 0 0 
0 0 0 0 2 2 2 0 0 0 0 
0 0 0 0 1 1 1 0 0 0 0 
0 0 0 0 1 1 1 0 0 0 0 
0 0 0 0 1 1 1 0 0 0 0 
0 0 0 0 1 1 1 0 0 0 0 
0 0 0 0 1 1 1 1 1 1 1 
11 6 0
0 0 0 0 0 0 0 0 0 0 0 
0 0 1 1 1 1 1 1 1 0 0 
1 0 0 0 0 0 0 0 0 0 1 
0 1 1 0 0 0 0 0 1 1 0 
0 0 0 2 1 1 1 2 0 0 0 
0 0 2 2 0 0 0 2 2 0 0 
11 6 0
0 0 0 0 0 0 0 0 0 0 0 
0 0 0 1 1 1 1 1 0 0 0 
0 0 0 0 0 0 0 0 0 0 0 
1 1 1 1 0 0 0 1 1 1 1 
0 0 0 0 0 0 0 0 0 0 0 
0 1 1 2 2 2 2 2 1 1 0 
11 5 0
0 0 0 0 0 0 0 0 0 0 0 
2 2 2 2 2 2 2 2 2 2 2 
2 2 2 0 2 2 2 0 2 2 0 
2 2 2 2 2 2 2 2 2 2 2 
2 2 2 2 2 2 2 2 2 2 2 
11 5 0
0 0 0 0 0 0 0 0 0 0 0 
2 2 2 2 2 2 2 2 2 2 2 
0 2 2 0 2 2 2 0 2 2 2 
2 2 2 2 2 2 2 2 2 2 2 
2 2 2 2 2 2 2 2 2 2 2 
11 6 0
0 0 0 0 0 0 0 0 0 0 0 
0 0 2 2 2 2 2 2 2 0 0 
1 2 2 0 0 0 0 0 2 2 1 
0 0 2 2 2 2 2 2 2 0 0 
0 1 1 1 1 1 1 1 1 1 0 
0 1 1 1 2 2 2 1 1 1 0 
12 9 2
0 0 0 0 0 0 0 0 0 0 0 0 
0 0 1 1 1 1 1 1 1 1 0 0 
1 1 0 0 0 0 0 0 0 0 0 0 
0 0 0 0 0 2 2 0 0 0 2 2 
0 0 2 2 2 0 0 2 2 2 0 0 
0 0 0 0 0 0 0 1 1 1 0 0 
0 0 0 0 0 1 1 0 0 0 1 1 
0 0 1 1 1 1 1 1 1 1 1 1 
2 2 2 2 2 2 2 2 2 2 0 0 
12 16 2
0 0 0 0 0 0 0 0 0 0 0 0 
0 2 0 0 2 0 1 0 1 1 0 2 
0 2 2 2 0 0 1 1 1 1 0 2 
0 2 0 0 2 0 1 0 1 1 0 2 
0 2 2 2 0 0 0 1 0 0 0 2 
0 0 0 0 0 0 0 0 0 0 0 0 
1 0 0 0 0 1 0 2 2 2 2 2 
1 0 0 0 0 1 0 2 0 0 0 2 
1 0 1 1 0 1 0 2 0 0 0 2 
1 1 0 0 1 1 0 2 0 0 0 2 
0 0 0 0 0 0 0 0 0 0 0 0 
0 0 2 2 2 2 0 0 0 0 0 0 
0 0 0 0 0 0 2 1 0 0 0 1 
0 0 2 2 2 2 0 1 1 1 1 1 
0 2 0 0 0 0 0 1 0 0 0 1 
0 0 2 2 2 2 0 0 1 1 1 0 
12 20 2
0 0 0 0 0 0 0 0 0 0 0 0 
2 2 2 2 2 2 2 2 2 2 0 0 
0 0 1 1 1 1 1 1 1 1 0 0 
0 0 0 0 0 1 1 0 0 0 1 1 
0 0 1 1 1 1 1 1 1 1 0 0 
2 2 0 0 0 2 2 0 0 0 0 0 
0 0 2 2 2 0 0 2 2 2 0 0 
2 2 2 2 2 2 2 2 2 2 0 0 
1 1 1 1 1 1 1 0 0 0 0 0 
1 1 0 0 0 0 0 0 0 0 0 0 
1 1 1 1 1 1 1 0 0 0 0 0 
0 0 2 2 2 2 2 2 2 2 2 2 
0 0 0 0 0 0 0 2 2 2 0 0 
0 0 2 2 2 2 2 2 2 2 2 2 
0 0 1 1 1 1 1 1 1 1 0 0 
0 0 0 0 0 1 1 0 0 0 1 1 
0 0 1 1 1 1 1 1 1 1 0 0 
0 0 2 2 2 0 0 0 0 0 2 2 
2 2 0 0 0 2 2 0 0 0 2 2 
2 2 0 0 0 2 2 2 2 2 0 0 
12 7 1
0 0 0 0 0 0 0 0 0 0 0 0 
0 0 1 1 1 0 0 1 1 1 0 0 
0 0 2 2 0 1 1 0 2 2 0 0 
0 0 1 1 0 1 1 0 1 1 0 0 
0 0 1 1 0 1 1 0 1 1 0 0 
0 0 1 1 0 2 2 0 1 1 0 0 
0 0 1 1 1 1 1 1 1 1 1 1 
12 8 1
0 0 0 0 0 0 0 0 0 0 0 0 
0 0 0 0 0 1 1 0 0 0 0 0 
0 0 0 0 0 2 2 0 0 0 0 0 
0 0 0 0 0 1 1 0 0 0 0 0 
0 0 0 0 0 1 1 0 0 0 0 0 
0 0 0 0 0 1 1 0 0 0 0 0 
0 0 0 0 0 1 1 0 0 0 0 0 
0 0 0 0 0 1 1 1 1 1 1 1 
12 6 0
0 0 0 0 0 0 0 0 0 0 0 0 
0 0 1 1 1 1 1 1 1 1 0 0 
1 0 0 0 0 0 0 0 0 0 0 1 
0 1 1 1 0 0 0 0 1 1 1 0 
0 0 0 0 2 1 1 2 0 0 0 0 
0 0 2 2 2 0 0 2 2 2 0 0 
12 6 0
0 0 0 0 0 0 0 0 0 0 0 0 
0 0 0 0 1 1 1 1 0 0 0 0 
0 0 0 0 0 0 0 0 0 0 0 0 
1 1 1 1 1 0 0 1 1 1 1 1 
0 0 0 0 0 0 0 0 0 0 0 0 
0 1 1 1 2 2 2 2 1 1 1 0 
12 5 0
0 0 0 0 0 0 0 0 0 0 0 0 
2 2 2 2 2 2 2 2 2 2 2 2 
2 2 2 2 0 2 2 0 2 2 2 0 
2 2 2 2 2 2 2 2 2 2 2 2 
2 2 2 2 2 2 2 2 2 2 2 2 
12 5 0
0 0 0 0 0 0 0 0 0 0 0 0 
2 2 2 2 2 2 2 2 2 2 2 2 
0 2 2 2 0 2 2 0 2 2 2 2 
2 2 2 2 2 2 2 2 2 2 2 2 
2 2 2 2 2 2 2 2 2 2 2 2 
12 6 0
0 0 0 0 0 0 0 0 0 0 0 0 
0 0 2 2 2 2 2 2 2 2 0 0 
1 2 2 2 0 0 0 0 2 2 2 1 
0 0 2 2 2 2 2 2 2 2 0 0 
0 1 1 1 1 1 1 1 1 1 1 0 
0 1 1 1 1 2 2 1 1 1 1 0 
13 9 2
0 0 0 0 0 0 0 0 0 0 0 0 0 
0 0 1 1 1 1 1 1 1 1 1 0 0 
1 1 0 0 0 0 0 0 0 0 0 0 0 
0 0 0 0 0 2 2 2 0 0 0 2 2 
0 0 2 2 2 0 0 0 2 2 2 0 0 
0 0 0 0 0 0 0 0 1 1 1 0 0 
0 0 0 0 0 1 1 1 0 0 0 1 1 
0 0 1 1 1 1 1 1 1 1 1 1 1 
2 2 2 2 2 2 2 2 2 2 2 0 0 
13 16 2
0 0 0 0 0 0 0 0 0 0 0 0 0 
0 2 0 0 2 0 0 1 0 1 0 0 2 
0 2 2 2 0 0 0 1 1 1 0 0 2 
0 2 0 0 2 0 0 1 0 1 0 0 2 
0 2 2 2 0 0 0 0 1 0 0 0 2 
0 0 0 0 0 0 0 0 0 0 0 0 0 
1 0 0 0 0 1 1 0 2 2 2 2 2 
1 0 0 0 0 1 1 0 2 0 0 0 2 
1 0 1 1 0 1 1 0 2 0 0 0 2 
1 1 0 0 1 1 1 0 2 0 0 0 2 
0 0 0 0 0 0 0 0 0 0 0 0 0 
0 0 2 2 2 2 2 0 0 0 0 0 0 
0 0 0 0 0 0 0 2 1 0 0 0 1 
0 0 2 2 2 2 2 0 1 1 1 1 1 
0 2 0 0 0 0 0 0 1 0 0 0 1 
0 0 2 2 2 2 2 0 0 1 1 1 0 
13 20 2
0 0 0 0 0 0 0 0 0 0 0 0 0 
2 2 2 2 2 2 2 2 2 2 2 0 0 
0 0 1 1 1 1 1 1 1 1 1 0 0 
0 0 0 0 0 1 1 1 0 0 0 1 1 
0 0 1 1 1 1 1 1 1 1 1 0 0 
2 2 0 0 0 2 2 2 0 0 0 0 0 
0 0 2 2 2 0 0 0 2 2 2 0 0 
2 2 2 2 2 2 2 2 2 2 2 0 0 
1 1 1 1 1 1 1 1 0 0 0 0 0 
1 1 0 0 0 0 0 0 0 0 0 0 0 
1 1 1 1 1 1 1 1 0 0 0 0 0 
0 0 2 2 2 2 2 2 2 2 2 2 2 
0 0 0 0 0 0 0 0 2 2 2 0 0 
0 0 2 2 2 2 2 2 2 2 2 2 2 
0 0 1 1 1 1 1 1 1 1 1 0 0 
0 0 0 0 0 1 1 1 0 0 0 1 1 
0 0 1 1 1 1 1 1 1 1 1 0 0 
0 0 2 2 2 0 0 0 0 0 0 2 2 
2 2 0 0 0 2 2 2 0 0 0 2 2 
2 2 0 0 0 2 2 2 2 2 2 0 0 
13 7 1
0 0 0 0 0 0 0 0 0 0 0 0 0 
0 0 1 1 1 0 0 0 1 1 0 0 0 
0 0 2 2 0 1 1 1 0 2 0 0 0 
0 0 1 1 0 1 1 1 0 1 0 0 0 
0 0 1 1 0 1 1 1 0 1 0 0 0 
0 0 1 1 0 2 2 2 0 1 0 0 0 
0 0 1 1 1 1 1 1 1 1 1 1 1 
13 8 1
0 0 0 0 0 0 0 0 0 0 0 0 0 
0 0 0 0 0 1 1 1 0 0 0 0 0 
0 0 0 0 0 2 2 2 0 0 0 0 0 
0 0 0 0 0 1 1 1 0 0 0 0 0 
0 0 0 0 0 1 1 1 0 0 0 0 0 
0 0 0 0 0 1 1 1 0 0 0 0 0 
0 0 0 0 0 1 1 1 0 0 0 0 0 
0 0 0 0 0 1 1 1 1 1 1 1 1 
13 6 0
0 0 0 0 0 0 0 0 0 0 0 0 0 
0 0 1 1 1 1 1 1 1 1 0 0 0 
1 0 0 0 0 0 0 0 0 0 0 0 1 
0 1 1 1 0 0 0 0 0 1 1 1 0 
0 0 0 0 2 1 1 1 2 0 0 0 0 
0 0 2 2 2 0 0 0 2 2 0 0 0 
13 6 0
0 0 0 0 0 0 0 0 0 0 0 0 0 
0 0 0 0 1 1 1 1 1 0 0 0 0 
0 0 0 0 0 0 0 0 0 0 0 0 0 
1 1 1 1 1 0 0 0 1 1 1 1 1 
0 0 0 0 0 0 0 0 0 0 0 0 0 
0 1 1 1 2 2 2 2 2 1 1 1 0 
13 5 0
0 0 0 0 0 0 0 0 0 0 0 0 0 
2 2 2 2 2 2 2 2 2 2 2 2 2 
2 2 2 2 0 2 2 2 0 2 2 2 0 
2 2 2 2 2 2 2 2 2 2 2 2 2 
2 2 2 2 2 2 2 2 2 2 2 2 2 
13 5 0
0 0 0 0 0 0 0 0 0 0 0 0 0 
2 2 2 2 2 2 2 2 2 2 2 2 2 
0 2 2 2 0 2 2 2 0 2 2 2 2 
2 2 2 2 2 2 2 2 2 2 2 2 2 
2 2 2 2 2 2 2 2 2 2 2 2 2 
13 6 0
0 0 0 0 0 0 0 0 0 0 0 0 0 
0 0 2 2 2 2 2 2 2 2 0 0 0 
1 2 2 2 0 0 0 0 0 2 2 2 1 
0 0 2 2 2 2 2 2 2 2 0 0 0 
0 1 1 1 1 1 1 1 1 1 1 1 0 
0 1 1 1 1 2 2 2 1 1 1 1 0 
14 9 2
0 0 0 0 0 0 0 0 0 0 0 0 0 0 
0 0 1 1 1 1 1 1 1 1 1 1 0 0 
1 1 0 0 0 0 0 0 0 0 0 0 0 0 
0 0 0 0 0 2 2 2 2 0 0 0 2 2 
0 0 2 2 2 0 0 0 0 2 2 2 0 0 
0 0 0 0 0 0 0 0 0 1 1 1 0 0 
0 0 0 0 0 1 1 1 1 0 0 0 1 1 
0 0 1 1 1 1 1 1 1 1 1 1 1 1 
2 2 2 2 2 2 2 2 2 2 2 2 0 0 
14 16 2
0 0 0 0 0 0 0 0 0 0 0 0 0 0 
0 2 2 0 2 2 0 1 0 0 1 0 0 2 
0 2 2 2 0 0 0 1 1 1 1 0 0 2 
0 2 2 0 2 2 0 1 0 0 1 0 0 2 
0 2 2 2 0 0 0 0 1 1 0 0 0 2 
0 0 0 0 0 0 0 0 0 0 0 0 0 0 
1 0 0 0 0 0 1 0 2 2 2 2 2 2 
1 0 0 0 0 0 1 0 2 2 0 0 0 2 
1 0 0 1 0 0 1 0 2 2 0 0 0 2 
1 1 1 0 1 1 1 0 2 2 0 0 0 2 
0 0 0 0 0 0 0 0 0 0 0 0 0 0 
0 0 0 2 2 2 2 0 0 0 0 0 0 0 
0 0 0 0 0 0 0 2 1 1 0 0 0 1 
0 0 0 2 2 2 2 0 1 1 1 1 1 1 
0 2 2 0 0 0 0 0 1 1 0 0 0 1 
0 0 0 2 2 2 2 0 0 0 1 1 1 0 
14 20 2
0 0 0 0 0 0 0 0 0 0 0 0 0 0 
2 2 2 2 2 2 2 2 2 2 2 2 0 0 
0 0 1 1 1 1 1 1 1 1 1 1 0 0 
0 0 0 0 0 1 1 1 1 0 0 0 1 1 
0 0 1 1 1 1 1 1 1 1 1 1 0 0 
2 2 0 0 0 2 2 2 2 0 0 0 0 0 
0 0 2 2 2 0 0 0 0 2 2 2 0 0 
2 2 2 2 2 2 2 2 2 2 2 2 0 0 
1 1 1 1 1 1 1 1 1 0 0 0 0 0 
1 1 0 0 0 0 0 0 0 0 0 0 0 0 
1 1 1 1 1 1 1 1 1 0 0 0 0 0 
0 0 2 2 2 2 2 2 2 2 2 2 2 2 
0 0 0 0 0 0 0 0 0 2 2 2 0 0 
0 0 2 2 2 2 2 2 2 2 2 2 2 2 
0 0 1 1 1 1 1 1 1 1 1 1 0 0 
0 0 0 0 0 1 1 1 1 0 0 0 1 1 
0 0 1 1 1 1 1 1 1 1 1 1 0 0 
0 0 2 2 2 0 0 0 0 0 0 0 2 2 
2 2 0 0 0 2 2 2 2 0 0 0 2 2 
2 2 0 0 0 2 2 2 2 2 2 2 0 0 
14 7 1
0 0 0 0 0 0 0 0 0 0 0 0 0 0 
0 0 0 1 1 1 0 0 1 1 1 0 0 0 
0 0 0 2 0 0 1 1 0 0 2 0 0 0 
0 0 0 1 0 0 1 1 0 0 1 0 0 0 
0 0 0 1 0 0 1 1 0 0 1 0 0 0 
0 0 0 1 0 0 2 2 0 0 1 0 0 0 
0 0 0 1 1 1 1 1 1 1 1 1 1 1 
14 8 1
0 0 0 0 0 0 0 0 0 0 0 0 0 0 
0 0 0 0 0 1 1 1 1 0 0 0 0 0 
0 0 0 0 0 2 2 2 2 0 0 0 0 0 
0 0 0 0 0 1 1 1 1 0 0 0 0 0 
0 0 0 0 0 1 1 1 1 0 0 0 0 0 
0 0 0 0 0 1 1 1 1 0 0 0 0 0 
0 0 0 0 0 1 1 1 1 0 0 0 0 0 
0 0 0 0 0 1 1 1 1 1 1 1 1 1 
14 6 0
0 0 0 0 0 0 0 0 0 0 0 0 0 0 
0 0 0 1 1 1 1 1 1 1 1 0 0 0 
1 0 0 0 0 0 0 0 0 0 0 0 0 1 
0 1 1 1 0 0 0 0 0 0 1 1 1 0 
0 0 0 0 2 2 1 1 2 2 0 0 0 0 
0 0 0 2 2 2 0 0 2 2 2 0 0 0 
14 6 0
0 0 0 0 0 0 0 0 0 0 0 0 0 0 
0 0 0 0 1 1 1 1 1 1 0 0 0 0 
0 0 0 0 0 0 0 0 0 0 0 0 0 0 
1 1 1 1 1 1 0 0 1 1 1 1 1 1 
0 0 0 0 0 0 0 0 0 0 0 0 0 0 
0 1 1 1 2 2 2 2 2 2 1 1 1 0 
14 5 0
0 0 0 0 0 0 0 0 0 0 0 0 0 0 
2 2 2 2 2 2 2 2 2 2 2 2 2 2 
2 2 2 2 0 0 2 2 0 0 2 2 2 0 
2 2 2 2 2 2 2 2 2 2 2 2 2 2 
2 2 2 2 2 2 2 2 2 2 2 2 2 2 
14 5 0
0 0 0 0 0 0 0 0 0 0 0 0 0 0 
2 2 2 2 2 2 2 2 2 2 2 2 2 2 
0 2 2 2 0 0 2 2 0 0 2 2 2 2 
2 2 2 2 2 2 2 2 2 2 2 2 2 2 
2 2 2 2 2 2 2 2 2 2 2 2 2 2 
14 6 0
0 0 0 0 0 0 0 0 0 0 0 0 0 0 
0 0 0 2 2 2 2 2 2 2 2 0 0 0 
1 2 2 2 0 0 0 0 0 0 2 2 2 1 
0 0 0 2 2 2 2 2 2 2 2 0 0 0 
0 1 1 1 1 1 1 1 1 1 1 1 1 0 
0 1 1 1 1 1 2 2 1 1 1 1 1 0 
15 6 2
0 0 0 0 0 0 0 0 0 0 0 0 0 0 0 
0 1 2 1 2 2 2 1 1 2 2 1 2 2 0 
0 1 2 1 2 2 2 2 2 1 2 2 1 2 0 
0 1 2 1 1 2 2 2 1 2 2 2 1 2 0 
0 1 2 1 2 1 2 1 2 2 2 2 1 2 0 
0 1 2 1 1 2 2 2 1 1 2 1 1 1 0 
15 9 2
0 0 0 0 0 0 0 0 0 0 0 0 0 0 0 
0 0 1 1 1 1 1 1 1 1 1 1 1 0 0 
1 1 0 0 0 0 0 0 0 0 0 0 0 0 0 
0 0 0 0 0 0 2 2 2 0 0 0 0 2 2 
0 0 2 2 2 2 0 0 0 2 2 2 2 0 0 
0 0 0 0 0 0 0 0 0 1 1 1 1 0 0 
0 0 0 0 0 0 1 1 1 0 0 0 0 1 1 
0 0 1 1 1 1 1 1 1 1 1 1 1 1 1 
2 2 2 2 2 2 2 2 2 2 2 2 2 0 0 
15 8 2
0 0 0 0 0 0 0 0 0 0 0 0 0 0 0 
2 2 2 2 2 2 2 2 2 2 2 2 2 2 2 
2 0 2 0 2 2 2 0 0 2 2 0 2 2 2 
2 0 2 0 2 2 2 2 2 0 2 2 0 2 2 
2 0 2 0 0 2 2 2 0 2 2 2 0 2 2 
2 0 2 0 2 0 2 0 2 2 2 2 0 2 2 
2 0 2 0 0 2 2 2 0 0 2 0 0 0 2 
2 2 2 2 2 2 2 2 2 2 2 2 2 2 2 
15 16 2
0 0 0 0 0 0 0 0 0 0 0 0 0 0 0 
0 2 2 0 2 2 0 0 1 0 0 1 0 0 2 
0 2 2 2 0 0 0 0 1 1 1 1 0 0 2 
0 2 2 0 2 2 0 0 1 0 0 1 0 0 2 
0 2 2 2 0 0 0 0 0 1 1 0 0 0 2 
0 0 0 0 0 0 0 0 0 0 0 0 0 0 0 
1 0 0 0 0 0 1 1 0 2 2 2 2 2 2 
1 0 0 0 0 0 1 1 0 2 2 0 0 0 2 
1 0 0 1 0 0 1 1 0 2 2 0 0 0 2 
1 1 1 0 1 1 1 1 0 2 2 0 0 0 2 
0 0 0 0 0 0 0 0 0 0 0 0 0 0 0 
0 0 0 2 2 2 2 2 0 0 0 0 0 0 0 
0 0 0 0 0 0 0 0 2 1 1 0 0 0 1 
0 0 0 2 2 2 2 2 0 1 1 1 1 1 1 
0 2 2 0 0 0 0 0 0 1 1 0 0 0 1 
0 0 0 2 2 2 2 2 0 0 0 1 1 1 0 
15 20 2
0 0 0 0 0 0 0 0 0 0 0 0 0 0 0 
2 2 2 2 2 2 2 2 2 2 2 2 2 0 0 
0 0 1 1 1 1 1 1 1 1 1 1 1 0 0 
0 0 0 0 0 0 1 1 1 0 0 0 0 1 1 
0 0 1 1 1 1 1 1 1 1 1 1 1 0 0 
2 2 0 0 0 0 2 2 2 0 0 0 0 0 0 
0 0 2 2 2 2 0 0 0 2 2 2 2 0 0 
2 2 2 2 2 2 2 2 2 2 2 2 2 0 0 
1 1 1 1 1 1 1 1 1 0 0 0 0 0 0 
1 1 0 0 0 0 0 0 0 0 0 0 0 0 0 
1 1 1 1 1 1 1 1 1 0 0 0 0 0 0 
0 0 2 2 2 2 2 2 2 2 2 2 2 2 2 
0 0 0 0 0 0 0 0 0 2 2 2 2 0 0 
0 0 2 2 2 2 2 2 2 2 2 2 2 2 2 
0 0 1 1 1 1 1 1 1 1 1 1 1 0 0 
0 0 0 0 0 0 1 1 1 0 0 0 0 1 1 
0 0 1 1 1 1 1 1 1 1 1 1 1 0 0 
0 0 2 2 2 2 0 0 0 0 0 0 0 2 2 
2 2 0 0 0 0 2 2 2 0 0 0 0 2 2 
2 2 0 0 0 0 2 2 2 2 2 2 2 0 0 
15 7 1
0 0 0 0 0 0 0 0 0 0 0 0 0 0 0 
0 0 0 1 1 1 0 0 0 1 1 1 0 0 0 
0 0 0 2 0 0 1 1 1 0 0 2 0 0 0 
0 0 0 1 0 0 1 1 1 0 0 1 0 0 0 
0 0 0 1 0 0 1 1 1 0 0 1 0 0 0 
0 0 0 1 0 0 2 2 2 0 0 1 0 0 0 
0 0 0 1 1 1 1 1 1 1 1 1 1 1 1 
15 7 1
0 0 0 0 0 0 0 0 0 0 0 0 0 0 0 
0 0 1 1 0 0 0 0 0 0 0 1 1 0 0 
0 2 2 2 1 1 1 1 1 1 1 2 2 2 0 
0 1 0 0 1 0 0 0 0 0 1 0 0 1 0 
0 1 0 0 0 0 0 0 0 0 0 0 0 1 0 
0 1 0 0 0 0 0 1 0 0 0 0 0 1 0 
0 1 1 1 1 1 1 1 1 1 1 1 1 1 1 
15 8 1
0 0 0 0 0 0 0 0 0 0 0 0 0 0 0 
0 0 0 0 0 0 1 1 1 0 0 0 0 0 0 
0 0 0 0 0 0 2 2 2 0 0 0 0 0 0 
0 0 0 0 0 0 1 1 1 0 0 0 0 0 0 
0 0 0 0 0 0 1 1 1 0 0 0 0 0 0 
0 0 0 0 0 0 1 1 1 0 0 0 0 0 0 
0 0 0 0 0 0 1 1 1 0 0 0 0 0 0 
0 0 0 0 0 0 1 1 1 1 1 1 1 1 1 
15 6 0
0 0 0 0 0 0 0 0 0 0 0 0 0 0 0 
0 0 0 1 1 1 1 1 1 1 1 1 0 0 0 
1 0 0 0 0 0 0 0 0 0 0 0 0 0 1 
0 1 1 1 0 0 0 0 0 0 0 1 1 1 0 
0 0 0 0 2 2 1 1 1 2 2 0 0 0 0 
0 0 0 2 2 2 0 0 0 2 2 2 0 0 0 
15 6 0
0 0 0 0 0 0 0 0 0 0 0 0 0 0 0 
0 0 0 0 1 1 1 1 1 1 1 0 0 0 0 
0 0 0 0 0 0 0 0 0 0 0 0 0 0 0 
1 1 1 1 1 1 0 0 0 1 1 1 1 1 1 
0 0 0 0 0 0 0 0 0 0 0 0 0 0 0 
0 1 1 1 2 2 2 2 2 2 2 1 1 1 0 
15 5 0
0 0 0 0 0 0 0 0 0 0 0 0 0 0 0 
2 2 2 2 2 2 2 2 2 2 2 2 2 2 2 
2 2 2 2 0 0 2 2 2 0 0 2 2 2 0 
2 2 2 2 2 2 2 2 2 2 2 2 2 2 2 
2 2 2 2 2 2 2 2 2 2 2 2 2 2 2 
15 5 0
0 0 0 0 0 0 0 0 0 0 0 0 0 0 0 
2 2 2 2 2 2 2 2 2 2 2 2 2 2 2 
0 2 2 2 0 0 2 2 2 0 0 2 2 2 2 
2 2 2 2 2 2 2 2 2 2 2 2 2 2 2 
2 2 2 2 2 2 2 2 2 2 2 2 2 2 2 
15 6 0
0 0 0 0 0 0 0 0 0 0 0 0 0 0 0 
0 0 0 2 2 2 2 2 2 2 2 2 0 0 0 
1 2 2 2 0 0 0 0 0 0 0 2 2 2 1 
0 0 0 2 2 2 2 2 2 2 2 2 0 0 0 
0 1 1 1 1 1 1 1 1 1 1 1 1 1 0 
0 1 1 1 1 1 2 2 2 1 1 1 1 1 0 
16 6 2
0 0 0 0 0 0 0 0 0 0 0 0 0 0 0 0 
0 1 2 1 2 2 2 1 1 1 2 2 1 2 2 0 
0 1 2 1 2 2 2 2 2 2 1 2 2 1 2 0 
0 1 2 1 1 2 2 2 2 1 2 2 2 1 2 0 
0 1 2 1 2 1 2 1 1 2 2 2 2 1 2 0 
0 1 2 1 1 2 2 2 2 1 1 2 1 1 1 0 
16 9 2
0 0 0 0 0 0 0 0 0 0 0 0 0 0 0 0 
0 0 1 1 1 1 1 1 1 1 1 1 1 1 0 0 
1 1 0 0 0 0 0 0 0 0 0 0 0 0 0 0 
0 0 0 0 0 0 2 2 2 2 0 0 0 0 2 2 
0 0 2 2 2 2 0 0 0 0 2 2 2 2 0 0 
0 0 0 0 0 0 0 0 0 0 1 1 1 1 0 0 
0 0 0 0 0 0 1 1 1 1 0 0 0 0 1 1 
0 0 1 1 1 1 1 1 1 1 1 1 1 1 1 1 
2 2 2 2 2 2 2 2 2 2 2 2 2 2 0 0 
16 8 2
0 0 0 0 0 0 0 0 0 0 0 0 0 0 0 0 
2 2 2 2 2 2 2 2 2 2 2 2 2 2 2 2 
2 0 2 0 2 2 2 0 0 0 2 2 0 2 2 2 
2 0 2 0 2 2 2 2 2 2 0 2 2 0 2 2 
2 0 2 0 0 2 2 2 2 0 2 2 2 0 2 2 
2 0 2 0 2 0 2 0 0 2 2 2 2 0 2 2 
2 0 2 0 0 2 2 2 2 0 0 2 0 0 0 2 
2 2 2 2 2 2 2 2 2 2 2 2 2 2 2 2 
16 16 2
0 0 0 0 0 0 0 0 0 0 0 0 0 0 0 0 
0 2 2 0 0 2 0 0 1 1 0 1 1 0 0 2 
0 2 2 2 2 0 0 0 1 1 1 1 1 0 0 2 
0 2 2 0 0 2 0 0 1 1 0 1 1 0 0 2 
0 2 2 2 2 0 0 0 0 0 1 0 0 0 0 2 
0 0 0 0 0 0 0 0 0 0 0 0 0 0 0 0 
1 0 0 0 0 0 1 1 0 0 2 2 2 2 2 2 
1 0 0 0 0 0 1 1 0 0 2 0 0 0 0 2 
1 0 0 1 1 0 1 1 0 0 2 0 0 0 0 2 
1 1 1 0 0 1 1 1 0 0 2 0 0 0 0 2 
0 0 0 0 0 0 0 0 0 0 0 0 0 0 0 0 
0 0 0 2 2 2 2 2 0 0 0 0 0 0 0 0 
0 0 0 0 0 0 0 0 2 2 1 0 0 0 0 1 
0 0 0 2 2 2 2 2 0 0 1 1 1 1 1 1 
0 2 2 0 0 0 0 0 0 0 1 0 0 0 0 1 
0 0 0 2 2 2 2 2 0 0 0 1 1 1 1 0 
16 20 2
0 0 0 0 0 0 0 0 0 0 0 0 0 0 0 0 
2 2 2 2 2 2 2 2 2 2 2 2 2 2 0 0 
0 0 1 1 1 1 1 1 1 1 1 1 1 1 0 0 
0 0 0 0 0 0 1 1 1 1 0 0 0 0 1 1 
0 0 1 1 1 1 1 1 1 1 1 1 1 1 0 0 
2 2 0 0 0 0 2 2 2 2 0 0 0 0 0 0 
0 0 2 2 2 2 0 0 0 0 2 2 2 2 0 0 
2 2 2 2 2 2 2 2 2 2 2 2 2 2 0 0 
1 1 1 1 1 1 1 1 1 1 0 0 0 0 0 0 
1 1 0 0 0 0 0 0 0 0 0 0 0 0 0 0 
1 1 1 1 1 1 1 1 1 1 0 0 0 0 0 0 
0 0 2 2 2 2 2 2 2 2 2 2 2 2 2 2 
0 0 0 0 0 0 0 0 0 0 2 2 2 2 0 0 
0 0 2 2 2 2 2 2 2 2 2 2 2 2 2 2 
0 0 1 1 1 1 1 1 1 1 1 1 1 1 0 0 
0 0 0 0 0 0 1 1 1 1 0 0 0 0 1 1 
0 0 1 1 1 1 1 1 1 1 1 1 1 1 0 0 
0 0 2 2 2 2 0 0 0 0 0 0 0 0 2 2 
2 2 0 0 0 0 2 2 2 2 0 0 0 0 2 2 
2 2 0 0 0 0 2 2 2 2 2 2 2 2 0 0 
16 7 1
0 0 0 0 0 0 0 0 0 0 0 0 0 0 0 0 
0 0 0 1 1 1 0 0 0 0 1 1 1 0 0 0 
0 0 0 2 2 0 1 1 1 1 0 2 2 0 0 0 
0 0 0 1 1 0 1 1 1 1 0 1 1 0 0 0 
0 0 0 1 1 0 1 1 1 1 0 1 1 0 0 0 
0 0 0 1 1 0 2 2 2 2 0 1 1 0 0 0 
0 0 0 1 1 1 1 1 1 1 1 1 1 1 1 1 
16 7 1
0 0 0 0 0 0 0 0 0 0 0 0 0 0 0 0 
0 0 1 1 0 0 0 0 0 0 0 0 1 1 0 0 
0 2 2 2 1 1 1 1 1 1 1 1 2 2 2 0 
0 1 0 0 1 0 0 0 0 0 0 1 0 0 1 0 
0 1 0 0 0 0 0 0 0 0 0 0 0 0 1 0 
0 1 0 0 0 0 0 1 1 0 0 0 0 0 1 0 
0 1 1 1 1 1 1 1 1 1 1 1 1 1 1 1 
16 8 1
0 0 0 0 0 0 0 0 0 0 0 0 0 0 0 0 
0 0 0 0 0 0 1 1 1 1 0 0 0 0 0 0 
0 0 0 0 0 0 2 2 2 2 0 0 0 0 0 0 
0 0 0 0 0 0 1 1 1 1 0 0 0 0 0 0 
0 0 0 0 0 0 1 1 1 1 0 0 0 0 0 0 
0 0 0 0 0 0 1 1 1 1 0 0 0 0 0 0 
0 0 0 0 0 0 1 1 1 1 0 0 0 0 0 0 
0 0 0 0 0 0 1 1 1 1 1 1 1 1 1 1 
16 6 0
0 0 0 0 0 0 0 0 0 0 0 0 0 0 0 0 
0 0 0 1 1 1 1 1 1 1 1 1 1 0 0 0 
1 0 0 0 0 0 0 0 0 0 0 0 0 0 0 1 
0 1 1 1 1 0 0 0 0 0 0 1 1 1 1 0 
0 0 0 0 0 2 1 1 1 1 2 0 0 0 0 0 
0 0 0 2 2 2 0 0 0 0 2 2 2 0 0 0 
16 6 0
0 0 0 0 0 0 0 0 0 0 0 0 0 0 0 0 
0 0 0 0 0 1 1 1 1 1 1 0 0 0 0 0 
0 0 0 0 0 0 0 0 0 0 0 0 0 0 0 0 
1 1 1 1 1 1 0 0 0 0 1 1 1 1 1 1 
0 0 0 0 0 0 0 0 0 0 0 0 0 0 0 0 
0 1 1 1 1 2 2 2 2 2 2 1 1 1 1 0 
16 5 0
0 0 0 0 0 0 0 0 0 0 0 0 0 0 0 0 
2 2 2 2 2 2 2 2 2 2 2 2 2 2 2 2 
2 2 2 2 2 0 2 2 2 2 0 2 2 2 2 0 
2 2 2 2 2 2 2 2 2 2 2 2 2 2 2 2 
2 2 2 2 2 2 2 2 2 2 2 2 2 2 2 2 
16 5 0
0 0 0 0 0 0 0 0 0 0 0 0 0 0 0 0 
2 2 2 2 2 2 2 2 2 2 2 2 2 2 2 2 
0 2 2 2 2 0 2 2 2 2 0 2 2 2 2 2 
2 2 2 2 2 2 2 2 2 2 2 2 2 2 2 2 
2 2 2 2 2 2 2 2 2 2 2 2 2 2 2 2 
16 6 0
0 0 0 0 0 0 0 0 0 0 0 0 0 0 0 0 
0 0 0 2 2 2 2 2 2 2 2 2 2 0 0 0 
1 2 2 2 2 0 0 0 0 0 0 2 2 2 2 1 
0 0 0 2 2 2 2 2 2 2 2 2 2 0 0 0 
0 1 1 1 1 1 1 1 1 1 1 1 1 1 1 0 
0 1 1 1 1 1 2 2 2 2 1 1 1 1 1 0 
17 6 2
0 0 0 0 0 0 0 0 0 0 0 0 0 0 0 0 0 
0 1 2 1 2 2 2 2 1 1 2 2 2 1 2 2 0 
0 1 2 1 2 2 2 2 2 2 1 2 2 2 1 2 0 
0 1 2 1 1 1 2 2 2 1 2 2 2 2 1 2 0 
0 1 2 1 2 2 1 2 1 2 2 2 2 2 1 2 0 
0 1 2 1 1 1 2 2 2 1 1 2 2 1 1 1 0 
17 9 2
0 0 0 0 0 0 0 0 0 0 0 0 0 0 0 0 0 
0 0 0 1 1 1 1 1 1 1 1 1 1 1 0 0 0 
1 1 1 0 0 0 0 0 0 0 0 0 0 0 0 0 0 
0 0 0 0 0 0 2 2 2 2 2 0 0 0 2 2 2 
0 0 0 2 2 2 0 0 0 0 0 2 2 2 0 0 0 
0 0 0 0 0 0 0 0 0 0 0 1 1 1 0 0 0 
0 0 0 0 0 0 1 1 1 1 1 0 0 0 1 1 1 
0 0 0 1 1 1 1 1 1 1 1 1 1 1 1 1 1 
2 2 2 2 2 2 2 2 2 2 2 2 2 2 0 0 0 
17 8 2
0 0 0 0 0 0 0 0 0 0 0 0 0 0 0 0 0 
2 2 2 2 2 2 2 2 2 2 2 2 2 2 2 2 2 
2 0 2 0 2 2 2 2 0 0 2 2 2 0 2 2 2 
2 0 2 0 2 2 2 2 2 2 0 2 2 2 0 2 2 
2 0 2 0 0 0 2 2 2 0 2 2 2 2 0 2 2 
2 0 2 0 2 2 0 2 0 2 2 2 2 2 0 2 2 
2 0 2 0 0 0 2 2 2 0 0 2 2 0 0 0 2 
2 2 2 2 2 2 2 2 2 2 2 2 2 2 2 2 2 
17 16 2
0 0 0 0 0 0 0 0 0 0 0 0 0 0 0 0 0 
0 2 2 0 0 2 2 0 0 1 0 0 1 1 0 0 2 
0 2 2 2 2 0 0 0 0 1 1 1 1 1 0 0 2 
0 2 2 0 0 2 2 0 0 1 0 0 1 1 0 0 2 
0 2 2 2 2 0 0 0 0 0 1 1 0 0 0 0 2 
0 0 0 0 0 0 0 0 0 0 0 0 0 0 0 0 0 
1 0 0 0 0 0 0 1 1 0 2 2 2 2 2 2 2 
1 0 0 0 0 0 0 1 1 0 2 2 0 0 0 0 2 
1 0 0 1 1 0 0 1 1 0 2 2 0 0 0 0 2 
1 1 1 0 0 1 1 1 1 0 2 2 0 0 0 0 2 
0 0 0 0 0 0 0 0 0 0 0 0 0 0 0 0 0 
0 0 0 2 2 2 2 2 2 0 0 0 0 0 0 0 0 
0 0 0 0 0 0 0 0 0 2 1 1 0 0 0 0 1 
0 0 0 2 2 2 2 2 2 0 1 1 1 1 1 1 1 
0 2 2 0 0 0 0 0 0 0 1 1 0 0 0 0 1 
0 0 0 2 2 2 2 2 2 0 0 0 1 1 1 1 0 
17 20 2
0 0 0 0 0 0 0 0 0 0 0 0 0 0 0 0 0 
2 2 2 2 2 2 2 2 2 2 2 2 2 2 0 0 0 
0 0 0 1 1 1 1 1 1 1 1 1 1 1 0 0 0 
0 0 0 0 0 0 1 1 1 1 1 0 0 0 1 1 1 
0 0 0 1 1 1 1 1 1 1 1 1 1 1 0 0 0 
2 2 2 0 0 0 2 2 2 2 2 0 0 0 0 0 0 
0 0 0 2 2 2 0 0 0 0 0 2 2 2 0 0 0 
2 2 2 2 2 2 2 2 2 2 2 2 2 2 0 0 0 
1 1 1 1 1 1 1 1 1 1 1 0 0 0 0 0 0 
1 1 1 0 0 0 0 0 0 0 0 0 0 0 0 0 0 
1 1 1 1 1 1 1 1 1 1 1 0 0 0 0 0 0 
0 0 0 2 2 2 2 2 2 2 2 2 2 2 2 2 2 
0 0 0 0 0 0 0 0 0 0 0 2 2 2 0 0 0 
0 0 0 2 2 2 2 2 2 2 2 2 2 2 2 2 2 
0 0 0 1 1 1 1 1 1 1 1 1 1 1 0 0 0 
0 0 0 0 0 0 1 1 1 1 1 0 0 0 1 1 1 
0 0 0 1 1 1 1 1 1 1 1 1 1 1 0 0 0 
0 0 0 2 2 2 0 0 0 0 0 0 0 0 2 2 2 
2 2 2 0 0 0 2 2 2 2 2 0 0 0 2 2 2 
2 2 2 0 0 0 2 2 2 2 2 2 2 2 0 0 0 
17 7 1
0 0 0 0 0 0 0 0 0 0 0 0 0 0 0 0 0 
0 0 0 1 1 1 1 0 0 0 1 1 1 1 0 0 0 
0 0 0 2 2 0 0 1 1 1 0 0 2 2 0 0 0 
0 0 0 1 1 0 0 1 1 1 0 0 1 1 0 0 0 
0 0 0 1 1 0 0 1 1 1 0 0 1 1 0 0 0 
0 0 0 1 1 0 0 2 2 2 0 0 1 1 0 0 0 
0 0 0 1 1 1 1 1 1 1 1 1 1 1 1 1 1 
17 7 1
0 0 0 0 0 0 0 0 0 0 0 0 0 0 0 0 0 
0 0 1 1 0 0 0 0 0 0 0 0 0 1 1 0 0 
0 2 2 2 1 1 1 1 1 1 1 1 1 2 2 2 0 
0 1 0 0 1 1 0 0 0 0 0 1 1 0 0 1 0 
0 1 0 0 0 0 0 0 0 0 0 0 0 0 0 1 0 
0 1 0 0 0 0 0 0 1 0 0 0 0 0 0 1 0 
0 1 1 1 1 1 1 1 1 1 1 1 1 1 1 1 1 
17 8 1
0 0 0 0 0 0 0 0 0 0 0 0 0 0 0 0 0 
0 0 0 0 0 0 1 1 1 1 1 0 0 0 0 0 0 
0 0 0 0 0 0 2 2 2 2 2 0 0 0 0 0 0 
0 0 0 0 0 0 1 1 1 1 1 0 0 0 0 0 0 
0 0 0 0 0 0 1 1 1 1 1 0 0 0 0 0 0 
0 0 0 0 0 0 1 1 1 1 1 0 0 0 0 0 0 
0 0 0 0 0 0 1 1 1 1 1 0 0 0 0 0 0 
0 0 0 0 0 0 1 1 1 1 1 1 1 1 1 1 1 
17 6 0
0 0 0 0 0 0 0 0 0 0 0 0 0 0 0 0 0 
0 0 0 1 1 1 1 1 1 1 1 1 1 1 0 0 0 
1 0 0 0 0 0 0 0 0 0 0 0 0 0 0 0 1 
0 1 1 1 1 0 0 0 0 0 0 0 1 1 1 1 0 
0 0 0 0 0 2 2 1 1 1 2 2 0 0 0 0 0 
0 0 0 2 2 2 2 0 0 0 2 2 2 2 0 0 0 
17 6 0
0 0 0 0 0 0 0 0 0 0 0 0 0 0 0 0 0 
0 0 0 0 0 1 1 1 1 1 1 1 0 0 0 0 0 
0 0 0 0 0 0 0 0 0 0 0 0 0 0 0 0 0 
1 1 1 1 1 1 1 0 0 0 1 1 1 1 1 1 1 
0 0 0 0 0 0 0 0 0 0 0 0 0 0 0 0 0 
0 1 1 1 1 2 2 2 2 2 2 2 1 1 1 1 0 
17 5 0
0 0 0 0 0 0 0 0 0 0 0 0 0 0 0 0 0 
2 2 2 2 2 2 2 2 2 2 2 2 2 2 2 2 2 
2 2 2 2 2 0 0 2 2 2 0 0 2 2 2 2 0 
2 2 2 2 2 2 2 2 2 2 2 2 2 2 2 2 2 
2 2 2 2 2 2 2 2 2 2 2 2 2 2 2 2 2 
17 5 0
0 0 0 0 0 0 0 0 0 0 0 0 0 0 0 0 0 
2 2 2 2 2 2 2 2 2 2 2 2 2 2 2 2 2 
0 2 2 2 2 0 0 2 2 2 0 0 2 2 2 2 2 
2 2 2 2 2 2 2 2 2 2 2 2 2 2 2 2 2 
2 2 2 2 2 2 2 2 2 2 2 2 2 2 2 2 2 
17 6 0
0 0 0 0 0 0 0 0 0 0 0 0 0 0 0 0 0 
0 0 0 2 2 2 2 2 2 2 2 2 2 2 0 0 0 
1 2 2 2 2 0 0 0 0 0 0 0 2 2 2 2 1 
0 0 0 2 2 2 2 2 2 2 2 2 2 2 0 0 0 
0 1 1 1 1 1 1 1 1 1 1 1 1 1 1 1 0 
0 1 1 1 1 1 1 2 2 2 1 1 1 1 1 1 0 
18 6 2
0 0 0 0 0 0 0 0 0 0 0 0 0 0 0 0 0 0 
0 1 2 2 1 2 2 2 1 1 1 2 2 1 2 2 2 0 
0 1 2 2 1 2 2 2 2 2 2 1 2 2 1 1 2 0 
0 1 2 2 1 1 2 2 2 2 1 2 2 2 1 1 2 0 
0 1 2 2 1 2 1 2 1 1 2 2 2 2 1 1 2 0 
0 1 2 2 1 1 2 2 2 2 1 1 2 1 1 1 1 0 
18 9 2
0 0 0 0 0 0 0 0 0 0 0 0 0 0 0 0 0 0 
0 0 0 1 1 1 1 1 1 1 1 1 1 1 1 0 0 0 
1 1 1 0 0 0 0 0 0 0 0 0 0 0 0 0 0 0 
0 0 0 0 0 0 0 2 2 2 2 0 0 0 0 2 2 2 
0 0 0 2 2 2 2 0 0 0 0 2 2 2 2 0 0 0 
0 0 0 0 0 0 0 0 0 0 0 1 1 1 1 0 0 0 
0 0 0 0 0 0 0 1 1 1 1 0 0 0 0 1 1 1 
0 0 0 1 1 1 1 1 1 1 1 1 1 1 1 1 1 1 
2 2 2 2 2 2 2 2 2 2 2 2 2 2 2 0 0 0 
18 8 2
0 0 0 0 0 0 0 0 0 0 0 0 0 0 0 0 0 0 
2 2 2 2 2 2 2 2 2 2 2 2 2 2 2 2 2 2 
2 0 2 2 0 2 2 2 0 0 0 2 2 0 2 2 2 2 
2 0 2 2 0 2 2 2 2 2 2 0 2 2 0 0 2 2 
2 0 2 2 0 0 2 2 2 2 0 2 2 2 0 0 2 2 
2 0 2 2 0 2 0 2 0 0 2 2 2 2 0 0 2 2 
2 0 2 2 0 0 2 2 2 2 0 0 2 0 0 0 0 2 
2 2 2 2 2 2 2 2 2 2 2 2 2 2 2 2 2 2 
18 16 2
0 0 0 0 0 0 0 0 0 0 0 0 0 0 0 0 0 0 
0 2 2 0 0 2 2 0 0 1 1 0 0 1 1 0 0 2 
0 2 2 2 2 0 0 0 0 1 1 1 1 1 1 0 0 2 
0 2 2 0 0 2 2 0 0 1 1 0 0 1 1 0 0 2 
0 2 2 2 2 0 0 0 0 0 0 1 1 0 0 0 0 2 
0 0 0 0 0 0 0 0 0 0 0 0 0 0 0 0 0 0 
1 0 0 0 0 0 0 1 1 0 0 2 2 2 2 2 2 2 
1 0 0 0 0 0 0 1 1 0 0 2 2 0 0 0 0 2 
1 0 0 1 1 0 0 1 1 0 0 2 2 0 0 0 0 2 
1 1 1 0 0 1 1 1 1 0 0 2 2 0 0 0 0 2 
0 0 0 0 0 0 0 0 0 0 0 0 0 0 0 0 0 0 
0 0 0 2 2 2 2 2 2 0 0 0 0 0 0 0 0 0 
0 0 0 0 0 0 0 0 0 2 2 1 1 0 0 0 0 1 
0 0 0 2 2 2 2 2 2 0 0 1 1 1 1 1 1 1 
0 2 2 0 0 0 0 0 0 0 0 1 1 0 0 0 0 1 
0 0 0 2 2 2 2 2 2 0 0 0 0 1 1 1 1 0 
18 20 2
0 0 0 0 0 0 0 0 0 0 0 0 0 0 0 0 0 0 
2 2 2 2 2 2 2 2 2 2 2 2 2 2 2 0 0 0 
0 0 0 1 1 1 1 1 1 1 1 1 1 1 1 0 0 0 
0 0 0 0 0 0 0 1 1 1 1 0 0 0 0 1 1 1 
0 0 0 1 1 1 1 1 1 1 1 1 1 1 1 0 0 0 
2 2 2 0 0 0 0 2 2 2 2 0 0 0 0 0 0 0 
0 0 0 2 2 2 2 0 0 0 0 2 2 2 2 0 0 0 
2 2 2 2 2 2 2 2 2 2 2 2 2 2 2 0 0 0 
1 1 1 1 1 1 1 1 1 1 1 0 0 0 0 0 0 0 
1 1 1 0 0 0 0 0 0 0 0 0 0 0 0 0 0 0 
1 1 1 1 1 1 1 1 1 1 1 0 0 0 0 0 0 0 
0 0 0 2 2 2 2 2 2 2 2 2 2 2 2 2 2 2 
0 0 0 0 0 0 0 0 0 0 0 2 2 2 2 0 0 0 
0 0 0 2 2 2 2 2 2 2 2 2 2 2 2 2 2 2 
0 0 0 1 1 1 1 1 1 1 1 1 1 1 1 0 0 0 
0 0 0 0 0 0 0 1 1 1 1 0 0 0 0 1 1 1 
0 0 0 1 1 1 1 1 1 1 1 1 1 1 1 0 0 0 
0 0 0 2 2 2 2 0 0 0 0 0 0 0 0 2 2 2 
2 2 2 0 0 0 0 2 2 2 2 0 0 0 0 2 2 2 
2 2 2 0 0 0 0 2 2 2 2 2 2 2 2 0 0 0 
18 7 1
0 0 0 0 0 0 0 0 0 0 0 0 0 0 0 0 0 0 
0 0 0 1 1 1 1 0 0 0 0 1 1 1 1 0 0 0 
0 0 0 2 2 0 0 1 1 1 1 0 0 2 2 0 0 0 
0 0 0 1 1 0 0 1 1 1 1 0 0 1 1 0 0 0 
0 0 0 1 1 0 0 1 1 1 1 0 0 1 1 0 0 0 
0 0 0 1 1 0 0 2 2 2 2 0 0 1 1 0 0 0 
0 0 0 1 1 1 1 1 1 1 1 1 1 1 1 1 1 1 
18 7 1
0 0 0 0 0 0 0 0 0 0 0 0 0 0 0 0 0 0 
0 0 1 1 1 0 0 0 0 0 0 0 0 1 1 1 0 0 
0 2 2 2 2 1 1 1 1 1 1 1 1 2 2 2 2 0 
0 1 0 0 0 1 0 0 0 0 0 0 1 0 0 0 1 0 
0 1 0 0 0 0 0 0 0 0 0 0 0 0 0 0 1 0 
0 1 0 0 0 0 0 0 1 1 0 0 0 0 0 0 1 0 
0 1 1 1 1 1 1 1 1 1 1 1 1 1 1 1 1 1 
18 8 1
0 0 0 0 0 0 0 0 0 0 0 0 0 0 0 0 0 0 
0 0 0 0 0 0 0 1 1 1 1 0 0 0 0 0 0 0 
0 0 0 0 0 0 0 2 2 2 2 0 0 0 0 0 0 0 
0 0 0 0 0 0 0 1 1 1 1 0 0 0 0 0 0 0 
0 0 0 0 0 0 0 1 1 1 1 0 0 0 0 0 0 0 
0 0 0 0 0 0 0 1 1 1 1 0 0 0 0 0 0 0 
0 0 0 0 0 0 0 1 1 1 1 0 0 0 0 0 0 0 
0 0 0 0 0 0 0 1 1 1 1 1 1 1 1 1 1 1 
18 6 0
0 0 0 0 0 0 0 0 0 0 0 0 0 0 0 0 0 0 
0 0 0 1 1 1 1 1 1 1 1 1 1 1 1 0 0 0 
1 0 0 0 0 0 0 0 0 0 0 0 0 0 0 0 0 1 
0 1 1 1 1 0 0 0 0 0 0 0 0 1 1 1 1 0 
0 0 0 0 0 2 2 1 1 1 1 2 2 0 0 0 0 0 
0 0 0 2 2 2 2 0 0 0 0 2 2 2 2 0 0 0 
18 6 0
0 0 0 0 0 0 0 0 0 0 0 0 0 0 0 0 0 0 
0 0 0 0 0 1 1 1 1 1 1 1 1 0 0 0 0 0 
0 0 0 0 0 0 0 0 0 0 0 0 0 0 0 0 0 0 
1 1 1 1 1 1 1 0 0 0 0 1 1 1 1 1 1 1 
0 0 0 0 0 0 0 0 0 0 0 0 0 0 0 0 0 0 
0 1 1 1 1 2 2 2 2 2 2 2 2 1 1 1 1 0 
18 5 0
0 0 0 0 0 0 0 0 0 0 0 0 0 0 0 0 0 0 
2 2 2 2 2 2 2 2 2 2 2 2 2 2 2 2 2 2 
2 2 2 2 2 0 0 2 2 2 2 0 0 2 2 2 2 0 
2 2 2 2 2 2 2 2 2 2 2 2 2 2 2 2 2 2 
2 2 2 2 2 2 2 2 2 2 2 2 2 2 2 2 2 2 
18 5 0
0 0 0 0 0 0 0 0 0 0 0 0 0 0 0 0 0 0 
2 2 2 2 2 2 2 2 2 2 2 2 2 2 2 2 2 2 
0 2 2 2 2 0 0 2 2 2 2 0 0 2 2 2 2 2 
2 2 2 2 2 2 2 2 2 2 2 2 2 2 2 2 2 2 
2 2 2 2 2 2 2 2 2 2 2 2 2 2 2 2 2 2 
18 6 0
0 0 0 0 0 0 0 0 0 0 0 0 0 0 0 0 0 0 
0 0 0 2 2 2 2 2 2 2 2 2 2 2 2 0 0 0 
1 2 2 2 2 0 0 0 0 0 0 0 0 2 2 2 2 1 
0 0 0 2 2 2 2 2 2 2 2 2 2 2 2 0 0 0 
0 1 1 1 1 1 1 1 1 1 1 1 1 1 1 1 1 0 
0 1 1 1 1 1 1 2 2 2 2 1 1 1 1 1 1 0 
19 6 2
0 0 0 0 0 0 0 0 0 0 0 0 0 0 0 0 0 0 0 
0 1 2 2 1 2 2 2 2 1 1 2 2 2 1 2 2 2 0 
0 1 2 2 1 2 2 2 2 2 2 1 1 2 2 1 1 2 0 
0 1 2 2 1 1 2 2 2 2 1 2 2 2 2 1 1 2 0 
0 1 2 2 1 2 1 1 2 1 2 2 2 2 2 1 1 2 0 
0 1 2 2 1 1 2 2 2 2 1 1 1 2 1 1 1 1 0 
19 9 2
0 0 0 0 0 0 0 0 0 0 0 0 0 0 0 0 0 0 0 
0 0 0 1 1 1 1 1 1 1 1 1 1 1 1 1 0 0 0 
1 1 1 0 0 0 0 0 0 0 0 0 0 0 0 0 0 0 0 
0 0 0 0 0 0 0 2 2 2 2 2 0 0 0 0 2 2 2 
0 0 0 2 2 2 2 0 0 0 0 0 2 2 2 2 0 0 0 
0 0 0 0 0 0 0 0 0 0 0 0 1 1 1 1 0 0 0 
0 0 0 0 0 0 0 1 1 1 1 1 0 0 0 0 1 1 1 
0 0 0 1 1 1 1 1 1 1 1 1 1 1 1 1 1 1 1 
2 2 2 2 2 2 2 2 2 2 2 2 2 2 2 2 0 0 0 
19 8 2
0 0 0 0 0 0 0 0 0 0 0 0 0 0 0 0 0 0 0 
2 2 2 2 2 2 2 2 2 2 2 2 2 2 2 2 2 2 2 
2 0 2 2 0 2 2 2 2 0 0 2 2 2 0 2 2 2 2 
2 0 2 2 0 2 2 2 2 2 2 0 0 2 2 0 0 2 2 
2 0 2 2 0 0 2 2 2 2 0 2 2 2 2 0 0 2 2 
2 0 2 2 0 2 0 0 2 0 2 2 2 2 2 0 0 2 2 
2 0 2 2 0 0 2 2 2 2 0 0 0 2 0 0 0 0 2 
2 2 2 2 2 2 2 2 2 2 2 2 2 2 2 2 2 2 2 
19 16 2
0 0 0 0 0 0 0 0 0 0 0 0 0 0 0 0 0 0 0 
0 0 2 0 0 0 2 0 0 0 1 0 0 0 1 0 0 0 2 
0 0 2 2 2 2 0 0 0 0 1 1 1 1 1 0 0 0 2 
0 0 2 0 0 0 2 0 0 0 1 0 0 0 1 0 0 0 2 
0 0 2 2 2 2 0 0 0 0 0 1 1 1 0 0 0 0 2 
0 0 0 0 0 0 0 0 0 0 0 0 0 0 0 0 0 0 0 
1 1 0 0 0 0 0 1 1 1 0 2 2 2 2 2 2 2 2 
1 1 0 0 0 0 0 1 1 1 0 2 2 2 0 0 0 0 2 
1 1 0 1 1 1 0 1 1 1 0 2 2 2 0 0 0 0 2 
1 1 1 0 0 0 1 1 1 1 0 2 2 2 0 0 0 0 2 
0 0 0 0 0 0 0 0 0 0 0 0 0 0 0 0 0 0 0 
0 0 0 2 2 2 2 2 2 2 0 0 0 0 0 0 0 0 0 
0 0 0 0 0 0 0 0 0 0 2 1 1 1 0 0 0 0 1 
0 0 0 2 2 2 2 2 2 2 0 1 1 1 1 1 1 1 1 
0 0 2 0 0 0 0 0 0 0 0 1 1 1 0 0 0 0 1 
0 0 0 2 2 2 2 2 2 2 0 0 0 0 1 1 1 1 0 
19 20 2
0 0 0 0 0 0 0 0 0 0 0 0 0 0 0 0 0 0 0 
2 2 2 2 2 2 2 2 2 2 2 2 2 2 2 2 0 0 0 
0 0 0 1 1 1 1 1 1 1 1 1 1 1 1 1 0 0 0 
0 0 0 0 0 0 0 1 1 1 1 1 0 0 0 0 1 1 1 
0 0 0 1 1 1 1 1 1 1 1 1 1 1 1 1 0 0 0 
2 2 2 0 0 0 0 2 2 2 2 2 0 0 0 0 0 0 0 
0 0 0 2 2 2 2 0 0 0 0 0 2 2 2 2 0 0 0 
2 2 2 2 2 2 2 2 2 2 2 2 2 2 2 2 0 0 0 
1 1 1 1 1 1 1 1 1 1 1 1 0 0 0 0 0 0 0 
1 1 1 0 0 0 0 0 0 0 0 0 0 0 0 0 0 0 0 
1 1 1 1 1 1 1 1 1 1 1 1 0 0 0 0 0 0 0 
0 0 0 2 2 2 2 2 2 2 2 2 2 2 2 2 2 2 2 
0 0 0 0 0 0 0 0 0 0 0 0 2 2 2 2 0 0 0 
0 0 0 2 2 2 2 2 2 2 2 2 2 2 2 2 2 2 2 
0 0 0 1 1 1 1 1 1 1 1 1 1 1 1 1 0 0 0 
0 0 0 0 0 0 0 1 1 1 1 1 0 0 0 0 1 1 1 
0 0 0 1 1 1 1 1 1 1 1 1 1 1 1 1 0 0 0 
0 0 0 2 2 2 2 0 0 0 0 0 0 0 0 0 2 2 2 
2 2 2 0 0 0 0 2 2 2 2 2 0 0 0 0 2 2 2 
2 2 2 0 0 0 0 2 2 2 2 2 2 2 2 2 0 0 0 
19 7 1
0 0 0 0 0 0 0 0 0 0 0 0 0 0 0 0 0 0 0 
0 0 0 1 1 1 1 0 0 0 0 1 1 1 1 0 0 0 0 
0 0 0 2 2 2 0 1 1 1 1 0 0 0 2 0 0 0 0 
0 0 0 1 1 1 0 1 1 1 1 0 0 0 1 0 0 0 0 
0 0 0 1 1 1 0 1 1 1 1 0 0 0 1 0 0 0 0 
0 0 0 1 1 1 0 2 2 2 2 0 0 0 1 0 0 0 0 
0 0 0 1 1 1 1 1 1 1 1 1 1 1 1 1 1 1 1 
19 7 1
0 0 0 0 0 0 0 0 0 0 0 0 0 0 0 0 0 0 0 
0 0 1 1 1 0 0 0 0 0 0 0 0 0 1 1 1 0 0 
0 2 2 2 2 1 1 1 1 1 1 1 1 1 2 2 2 2 0 
0 1 0 0 0 1 0 0 0 0 0 0 0 1 0 0 0 1 0 
0 1 0 0 0 0 0 0 0 0 0 0 0 0 0 0 0 1 0 
0 1 0 0 0 0 0 0 0 1 0 0 0 0 0 0 0 1 0 
0 1 1 1 1 1 1 1 1 1 1 1 1 1 1 1 1 1 1 
19 8 1
0 0 0 0 0 0 0 0 0 0 0 0 0 0 0 0 0 0 0 
0 0 0 0 0 0 0 1 1 1 1 1 0 0 0 0 0 0 0 
0 0 0 0 0 0 0 2 2 2 2 2 0 0 0 0 0 0 0 
0 0 0 0 0 0 0 1 1 1 1 1 0 0 0 0 0 0 0 
0 0 0 0 0 0 0 1 1 1 1 1 0 0 0 0 0 0 0 
0 0 0 0 0 0 0 1 1 1 1 1 0 0 0 0 0 0 0 
0 0 0 0 0 0 0 1 1 1 1 1 0 0 0 0 0 0 0 
0 0 0 0 0 0 0 1 1 1 1 1 1 1 1 1 1 1 1 
19 6 0
0 0 0 0 0 0 0 0 0 0 0 0 0 0 0 0 0 0 0 
0 0 0 1 1 1 1 1 1 1 1 1 1 1 1 0 0 0 0 
1 1 0 0 0 0 0 0 0 0 0 0 0 0 0 0 0 0 1 
0 0 1 1 1 1 0 0 0 0 0 0 0 0 1 1 1 1 0 
0 0 0 0 0 0 2 1 1 1 1 2 2 2 0 0 0 0 0 
0 0 0 2 2 2 2 0 0 0 0 2 2 2 2 0 0 0 0 
19 6 0
0 0 0 0 0 0 0 0 0 0 0 0 0 0 0 0 0 0 0 
0 0 0 0 0 0 1 1 1 1 1 1 1 1 0 0 0 0 0 
0 0 0 0 0 0 0 0 0 0 0 0 0 0 0 0 0 0 0 
1 1 1 1 1 1 1 0 0 0 0 1 1 1 1 1 1 1 1 
0 0 0 0 0 0 0 0 0 0 0 0 0 0 0 0 0 0 0 
0 0 1 1 1 1 2 2 2 2 2 2 2 2 1 1 1 1 0 
19 5 0
0 0 0 0 0 0 0 0 0 0 0 0 0 0 0 0 0 0 0 
2 2 2 2 2 2 2 2 2 2 2 2 2 2 2 2 2 2 2 
2 2 2 2 2 2 0 2 2 2 2 0 0 0 2 2 2 2 0 
2 2 2 2 2 2 2 2 2 2 2 2 2 2 2 2 2 2 2 
2 2 2 2 2 2 2 2 2 2 2 2 2 2 2 2 2 2 2 
19 5 0
0 0 0 0 0 0 0 0 0 0 0 0 0 0 0 0 0 0 0 
2 2 2 2 2 2 2 2 2 2 2 2 2 2 2 2 2 2 2 
0 0 2 2 2 2 0 2 2 2 2 0 0 0 2 2 2 2 2 
2 2 2 2 2 2 2 2 2 2 2 2 2 2 2 2 2 2 2 
2 2 2 2 2 2 2 2 2 2 2 2 2 2 2 2 2 2 2 
19 6 0
0 0 0 0 0 0 0 0 0 0 0 0 0 0 0 0 0 0 0 
0 0 0 2 2 2 2 2 2 2 2 2 2 2 2 0 0 0 0 
1 1 2 2 2 2 0 0 0 0 0 0 0 0 2 2 2 2 1 
0 0 0 2 2 2 2 2 2 2 2 2 2 2 2 0 0 0 0 
0 0 1 1 1 1 1 1 1 1 1 1 1 1 1 1 1 1 0 
0 0 1 1 1 1 1 2 2 2 2 1 1 1 1 1 1 1 0 
20 6 2
0 0 0 0 0 0 0 0 0 0 0 0 0 0 0 0 0 0 0 0 
0 1 1 2 1 2 2 2 2 1 1 1 2 2 2 1 2 2 2 0 
0 1 1 2 1 2 2 2 2 2 2 2 1 2 2 2 1 2 2 0 
0 1 1 2 1 1 1 2 2 2 2 1 2 2 2 2 1 2 2 0 
0 1 1 2 1 2 2 1 2 1 1 2 2 2 2 2 1 2 2 0 
0 1 1 2 1 1 1 2 2 2 2 1 1 2 2 1 1 1 1 0 
20 6 2
0 0 0 0 0 0 0 0 0 0 0 0 0 0 0 0 0 0 0 0 
2 2 2 1 1 2 0 0 0 1 1 2 2 2 0 1 1 2 0 0 
0 2 0 1 1 2 0 0 0 1 1 0 0 0 2 1 1 0 2 0 
0 2 0 1 1 2 2 2 2 1 1 0 2 2 0 1 1 0 2 0 
0 2 0 1 1 2 0 0 2 1 1 2 0 0 0 1 1 0 2 0 
2 2 2 1 1 2 2 2 2 1 1 0 2 2 2 1 1 2 2 2 
20 9 2
0 0 0 0 0 0 0 0 0 0 0 0 0 0 0 0 0 0 0 0 
0 0 0 1 1 1 1 1 1 1 1 1 1 1 1 1 1 0 0 0 
1 1 1 0 0 0 0 0 0 0 0 0 0 0 0 0 0 0 0 0 
0 0 0 0 0 0 0 0 2 2 2 2 0 0 0 0 0 2 2 2 
0 0 0 2 2 2 2 2 0 0 0 0 2 2 2 2 2 0 0 0 
0 0 0 0 0 0 0 0 0 0 0 0 1 1 1 1 1 0 0 0 
0 0 0 0 0 0 0 0 1 1 1 1 0 0 0 0 0 1 1 1 
0 0 0 1 1 1 1 1 1 1 1 1 1 1 1 1 1 1 1 1 
2 2 2 2 2 2 2 2 2 2 2 2 2 2 2 2 2 0 0 0 
20 8 2
0 0 0 0 0 0 0 0 0 0 0 0 0 0 0 0 0 0 0 0 
2 2 2 2 2 2 2 2 2 2 2 2 2 2 2 2 2 2 2 2 
2 0 0 2 0 2 2 2 2 0 0 0 2 2 2 0 2 2 2 2 
2 0 0 2 0 2 2 2 2 2 2 2 0 2 2 2 0 2 2 2 
2 0 0 2 0 0 0 2 2 2 2 0 2 2 2 2 0 2 2 2 
2 0 0 2 0 2 2 0 2 0 0 2 2 2 2 2 0 2 2 2 
2 0 0 2 0 0 0 2 2 2 2 0 0 2 2 0 0 0 0 2 
2 2 2 2 2 2 2 2 2 2 2 2 2 2 2 2 2 2 2 2 
20 16 2
0 0 0 0 0 0 0 0 0 0 0 0 0 0 0 0 0 0 0 0 
0 0 2 2 0 0 2 2 0 0 1 1 0 0 1 1 0 0 2 2 
0 0 2 2 2 2 0 0 0 0 1 1 1 1 1 1 0 0 2 2 
0 0 2 2 0 0 2 2 0 0 1 1 0 0 1 1 0 0 2 2 
0 0 2 2 2 2 0 0 0 0 0 0 1 1 0 0 0 0 2 2 
0 0 0 0 0 0 0 0 0 0 0 0 0 0 0 0 0 0 0 0 
1 1 0 0 0 0 0 0 1 1 0 0 2 2 2 2 2 2 2 2 
1 1 0 0 0 0 0 0 1 1 0 0 2 2 0 0 0 0 2 2 
1 1 0 0 1 1 0 0 1 1 0 0 2 2 0 0 0 0 2 2 
1 1 1 1 0 0 1 1 1 1 0 0 2 2 0 0 0 0 2 2 
0 0 0 0 0 0 0 0 0 0 0 0 0 0 0 0 0 0 0 0 
0 0 0 0 2 2 2 2 2 2 0 0 0 0 0 0 0 0 0 0 
0 0 0 0 0 0 0 0 0 0 2 2 1 1 0 0 0 0 1 1 
0 0 0 0 2 2 2 2 2 2 0 0 1 1 1 1 1 1 1 1 
0 0 2 2 0 0 0 0 0 0 0 0 1 1 0 0 0 0 1 1 
0 0 0 0 2 2 2 2 2 2 0 0 0 0 1 1 1 1 0 0 
20 6 2
0 0 0 0 0 0 0 0 0 0 0 0 0 0 0 0 0 0 0 0 
1 1 0 2 0 2 1 0 1 2 2 2 1 0 1 2 0 2 1 0 
0 0 1 2 0 2 1 0 1 2 0 2 1 0 1 2 0 2 1 0 
0 1 0 2 2 2 1 0 1 2 0 2 1 1 0 2 2 2 1 0 
1 0 0 2 0 2 1 1 1 2 0 2 1 0 1 2 0 2 1 0 
0 1 1 0 2 0 1 0 1 2 0 2 1 1 0 0 2 0 1 0 
20 20 2
0 0 0 0 0 0 0 0 0 0 0 0 0 0 0 0 0 0 0 0 
2 2 2 2 2 2 2 2 2 2 2 2 2 2 2 2 2 0 0 0 
0 0 0 1 1 1 1 1 1 1 1 1 1 1 1 1 1 0 0 0 
0 0 0 0 0 0 0 0 1 1 1 1 0 0 0 0 0 1 1 1 
0 0 0 1 1 1 1 1 1 1 1 1 1 1 1 1 1 0 0 0 
2 2 2 0 0 0 0 0 2 2 2 2 0 0 0 0 0 0 0 0 
0 0 0 2 2 2 2 2 0 0 0 0 2 2 2 2 2 0 0 0 
2 2 2 2 2 2 2 2 2 2 2 2 2 2 2 2 2 0 0 0 
1 1 1 1 1 1 1 1 1 1 1 1 0 0 0 0 0 0 0 0 
1 1 1 0 0 0 0 0 0 0 0 0 0 0 0 0 0 0 0 0 
1 1 1 1 1 1 1 1 1 1 1 1 0 0 0 0 0 0 0 0 
0 0 0 2 2 2 2 2 2 2 2 2 2 2 2 2 2 2 2 2 
0 0 0 0 0 0 0 0 0 0 0 0 2 2 2 2 2 0 0 0 
0 0 0 2 2 2 2 2 2 2 2 2 2 2 2 2 2 2 2 2 
0 0 0 1 1 1 1 1 1 1 1 1 1 1 1 1 1 0 0 0 
0 0 0 0 0 0 0 0 1 1 1 1 0 0 0 0 0 1 1 1 
0 0 0 1 1 1 1 1 1 1 1 1 1 1 1 1 1 0 0 0 
0 0 0 2 2 2 2 2 0 0 0 0 0 0 0 0 0 2 2 2 
2 2 2 0 0 0 0 0 2 2 2 2 0 0 0 0 0 2 2 2 
2 2 2 0 0 0 0 0 2 2 2 2 2 2 2 2 2 0 0 0 
20 7 1
0 0 0 0 0 0 0 0 0 0 0 0 0 0 0 0 0 0 0 0 
0 0 0 0 1 1 1 1 0 0 0 0 1 1 1 1 0 0 0 0 
0 0 0 0 2 2 0 0 1 1 1 1 0 0 2 2 0 0 0 0 
0 0 0 0 1 1 0 0 1 1 1 1 0 0 1 1 0 0 0 0 
0 0 0 0 1 1 0 0 1 1 1 1 0 0 1 1 0 0 0 0 
0 0 0 0 1 1 0 0 2 2 2 2 0 0 1 1 0 0 0 0 
0 0 0 0 1 1 1 1 1 1 1 1 1 1 1 1 1 1 1 1 
20 7 1
0 0 0 0 0 0 0 0 0 0 0 0 0 0 0 0 0 0 0 0 
0 0 0 1 1 0 0 0 0 0 0 0 0 0 0 1 1 0 0 0 
0 2 2 2 2 1 1 1 1 1 1 1 1 1 1 2 2 2 2 0 
0 1 1 0 0 1 1 0 0 0 0 0 0 1 1 0 0 1 1 0 
0 1 1 0 0 0 0 0 0 0 0 0 0 0 0 0 0 1 1 0 
0 1 1 0 0 0 0 0 0 1 1 0 0 0 0 0 0 1 1 0 
0 1 1 1 1 1 1 1 1 1 1 1 1 1 1 1 1 1 1 1 
20 9 1
0 0 0 0 0 0 0 0 0 0 0 0 0 0 0 0 0 0 0 0 
0 0 1 1 1 0 0 0 0 0 0 0 0 0 0 1 1 1 0 0 
0 0 2 0 0 1 1 1 0 0 0 0 1 1 1 0 0 2 0 0 
0 0 2 0 0 1 0 0 1 1 1 1 0 0 1 0 0 2 0 0 
0 0 1 0 0 1 0 0 0 0 0 0 0 0 1 0 0 1 0 0 
0 0 1 0 0 1 0 0 0 0 0 0 0 0 1 0 0 1 0 0 
0 0 1 0 0 0 0 0 1 1 1 1 0 0 0 0 0 1 0 0 
0 0 1 0 0 0 0 0 1 2 2 1 0 0 0 0 0 1 0 0 
0 0 1 1 1 1 1 1 1 2 2 1 1 1 1 1 1 1 1 1 
20 8 1
0 0 0 0 0 0 0 0 0 0 0 0 0 0 0 0 0 0 0 0 
0 0 0 0 0 0 0 0 1 1 1 1 0 0 0 0 0 0 0 0 
0 0 0 0 0 0 0 0 2 2 2 2 0 0 0 0 0 0 0 0 
0 0 0 0 0 0 0 0 1 1 1 1 0 0 0 0 0 0 0 0 
0 0 0 0 0 0 0 0 1 1 1 1 0 0 0 0 0 0 0 0 
0 0 0 0 0 0 0 0 1 1 1 1 0 0 0 0 0 0 0 0 
0 0 0 0 0 0 0 0 1 1 1 1 0 0 0 0 0 0 0 0 
0 0 0 0 0 0 0 0 1 1 1 1 1 1 1 1 1 1 1 1 
20 6 0
0 0 0 0 0 0 0 0 0 0 0 0 0 0 0 0 0 0 0 0 
0 0 0 0 1 1 1 1 1 1 1 1 1 1 1 1 0 0 0 0 
1 1 0 0 0 0 0 0 0 0 0 0 0 0 0 0 0 0 1 1 
0 0 1 1 1 1 0 0 0 0 0 0 0 0 1 1 1 1 0 0 
0 0 0 0 0 0 2 2 1 1 1 1 2 2 0 0 0 0 0 0 
0 0 0 0 2 2 2 2 0 0 0 0 2 2 2 2 0 0 0 0 
20 6 0
0 0 0 0 0 0 0 0 0 0 0 0 0 0 0 0 0 0 0 0 
0 0 0 0 0 0 1 1 1 1 1 1 1 1 0 0 0 0 0 0 
0 0 0 0 0 0 0 0 0 0 0 0 0 0 0 0 0 0 0 0 
1 1 1 1 1 1 1 1 0 0 0 0 1 1 1 1 1 1 1 1 
0 0 0 0 0 0 0 0 0 0 0 0 0 0 0 0 0 0 0 0 
0 0 1 1 1 1 2 2 2 2 2 2 2 2 1 1 1 1 0 0 
20 5 0
0 0 0 0 0 0 0 0 0 0 0 0 0 0 0 0 0 0 0 0 
2 2 2 2 2 2 2 2 2 2 2 2 2 2 2 2 2 2 2 2 
2 2 2 2 2 2 0 0 2 2 2 2 0 0 2 2 2 2 0 0 
2 2 2 2 2 2 2 2 2 2 2 2 2 2 2 2 2 2 2 2 
2 2 2 2 2 2 2 2 2 2 2 2 2 2 2 2 2 2 2 2 
20 5 0
0 0 0 0 0 0 0 0 0 0 0 0 0 0 0 0 0 0 0 0 
2 2 2 2 2 2 2 2 2 2 2 2 2 2 2 2 2 2 2 2 
0 0 2 2 2 2 0 0 2 2 2 2 0 0 2 2 2 2 2 2 
2 2 2 2 2 2 2 2 2 2 2 2 2 2 2 2 2 2 2 2 
2 2 2 2 2 2 2 2 2 2 2 2 2 2 2 2 2 2 2 2 
20 6 0
0 0 0 0 0 0 0 0 0 0 0 0 0 0 0 0 0 0 0 0 
0 0 0 0 2 2 2 2 2 2 2 2 2 2 2 2 0 0 0 0 
1 1 2 2 2 2 0 0 0 0 0 0 0 0 2 2 2 2 1 1 
0 0 0 0 2 2 2 2 2 2 2 2 2 2 2 2 0 0 0 0 
0 0 1 1 1 1 1 1 1 1 1 1 1 1 1 1 1 1 0 0 
0 0 1 1 1 1 1 1 2 2 2 2 1 1 1 1 1 1 0 0 
-1